image_00000 305 216 324 240
image_00001 304 213 324 240
image_00002 304 211 325 240
image_00003 303 211 324 238
image_00004 305 210 324 239
image_00005 303 208 324 237
image_00006 301 208 325 236
image_00007 303 207 327 235
image_00008 301 205 329 236
image_00009 301 205 330 237
image_00010 301 201 329 238
image_00011 298 204 330 240
image_00012 296 204 330 240
image_00013 298 204 332 240
image_00014 298 202 332 240
image_00015 300 198 330 238
image_00016 298 200 331 239
image_00017 300 191 333 241
image_00018 301 193 342 241
image_00019 298 193 337 240
image_00020 297 194 337 240
image_00021 302 195 344 241
image_00022 299 195 346 242
image_00023 299 193 347 243
image_00024 297 194 350 242
image_00025 296 193 350 243
image_00026 297 195 349 243
image_00027 313 199 347 242
image_00028 308 199 343 242
image_00029 314 198 343 243
image_00030 315 194 345 245
image_00031 313 195 344 244
image_00032 317 194 346 246
image_00033 318 194 345 245
image_00034 320 197 345 245
image_00035 320 195 345 246
image_00036 320 193 346 246
image_00037 318 195 347 246
image_00038 318 197 345 248
image_00039 317 198 343 246
image_00040 318 199 350 247
image_00041 317 198 352 245
image_00042 317 198 356 248
image_00043 313 196 357 246
image_00044 322 190 357 241
image_00045 319 190 359 245
image_00046 325 188 356 222
image_00047 326 190 357 220
image_00048 328 189 354 218
image_00049 327 190 354 215
image_00050 328 191 356 215
image_00051 334 191 355 214
image_00052 337 191 357 214
image_00053 338 192 355 213
image_00054 335 192 354 211
image_00055 339 192 354 212
image_00056 337 192 353 210
image_00057 339 192 353 210
image_00058 339 193 353 209
image_00059 339 190 350 209
image_00060 339 195 352 210
image_00061 338 192 353 210
image_00062 338 192 353 211
image_00063 338 193 350 210
